64.5 241.7
76.3 270.3
80.9 268.2
79.5 236.5
81.1 237.4
56.6 55.9
60.7 74.9
59.6 207.8
43.5 253.9
31.7 35.2
51.9 350.7
61.2 351.4
66.8 359.4
73.9 333.4
72.1 331.3
81.5 356.7
72.7 49.6
79.3 301.9
80.7 114.0
72.9 291.2
75.6 67.3
73.5 201.5
77.5 43.3
47.1 161.1
53.7 145.2
80.6 30.8
58.6 264.6
63.4 237.4
73.0 119.8
71.7 219.2
62.7 213.3
77.2 36.2
74.8 216.0
63.4 69.4
80.4 12.8
59.2 140.8
58.1 137.4
67.3 90.4
75.9 160.6
38.6 28.8
47.3 41.4
71.6 190.3
50.4 155.2
64.4 285.7
62.5 200.8
76.8 288.6
87.0 302.7
70.2 256.1
81.3 85.7
82.6 145.8
83.7 64.4
81.3 287.7
87.3 109.8
85.9 224.2
87.3 10.0
66.6 358.1
83.4 165.6
84.6 330.0
62.4 288.5
66.1 292.2
71.4 107.4
84.5 141.9
85.9 326.1
78.5 171.4
71.2 94.6
67.3 215.7
69.8 102.9
58.1 322.0
76.6 129.8
81.9 326.0
50.8 172.3
73.3 105.7
78.6 127.9
84.6 185.9
72.2 133.8
75.7 25.3
83.1 115.5
79.4 301.8
72.6 118.3
84.7 352.6
86.7 259.3
82.1 13.6
67.1 352.8
60.4 183.3
61.7 4.1
77.9 66.6
75.2 123.4
83.8 73.1
48.1 238.0
85.5 229.0
77.4 95.1
74.5 104.7
16.6 30.3
32.5 359.5
37.6 123.9
48.7 331.3
82.8 251.3
61.6 11.5
66.0 70.1
76.9 289.4
77.4 252.1
83.5 340.9
78.9 109.9
75.1 241.1
74.5 79.7
73.0 318.3
86.5 39.3
80.8 94.6
77.6 292.9
84.5 280.3
70.7 24.1
42.9 43.8
69.0 249.6
63.7 198.0
50.6 84.1
63.6 253.9
54.0 303.6
62.8 201.9
79.2 95.6
26.1 351.6
54.1 74.6
68.8 59.0
74.4 245.4
81.1 151.1
87.4 255.6
65.5 191.7
82.1 161.6
67.5 301.1
65.7 292.8
75.6 45.4
86.9 111.1
75.7 296.0
58.2 227.5
56.0 161.7
50.2 64.9
63.3 110.9
78.8 302.7
76.2 49.3
74.7 58.2
64.1 125.7
55.0 79.8
60.9 83.5
70.9 239.6
57.5 39.1
59.2 253.2
47.7 94.5
48.9 27.7
57.4 33.1
65.4 200.2
47.9 20.2

